42266860
42266405
42266144
42264522
42263918
42263621
42261368
42261299
42261157
42260871
42260834
42260818
42260803
42260754
42258432
42255668
42254732
42253800
42253512
42250637
42248365
42243720
42243317
42242493
42240674
42240653
42239627
42238885
42238570
42237355
42237277
42233256
42231570
42229739
42229181
42229082
42227535
42226751
42226490
42226155
42226063
42222302
42222280
42220380
42219745
42219415
42218106
42216348
42215708
42214566
42213741
42211191
42206629
42206037
42205961
42203107
42202912
42198425
42194497
42189430
42184498
42183495
42180736
42180717
42178876
42178230
42176859
42175498
42174524
42170479
42168345
42168170
42167669
42167272
42166786
42166783
42164162
42163673
42163665
42163206
42162760
42161771
42159282
42158941
42158808
42157997
42157626
42157388
42157226
42157111
42155351
42155288
42153515
42152672
42152508
42152361
42151986
42151941
42151809
42151763
