38331979
35168522
37143014
37248211
32050990
34446530
40466510
26880252
36948325
36988362
39648209
37502820
39726932
39426604
42088582
31344252
27693978
38262525
28807166
38669363
34551699
32457610
39620153
28925891
40934745
36949321
25306866
38983910
36969689
40677296
31686629
41163407
37159675
33116523
9646895
40823261
34729102
35496318
39253375
41100813
40018358
37631092
36873772
36682244
31370200
37808349
25183301
24697344
37354040
27040419
40515694
36905913
35152089
40374592
34225013
39528081
33466877
37930334
36054612
30396632
40033393
41791600
38835657
41437027
39261426
38808079
31780032
32147048
39701700
37255171
40785662
34636498
19507266
36791924
36921619
21673208
36529248
20573326
37897838
34049476
38306565
24761171
24456818
32797283
39157399
34623754
35232229
20423209
34840949
28851961
24852795
39140625
33324063
30963358
38694562
34891612
37802855
38152691
41015814
36698870
36774722
40154896
40382939
38151181
40945251
37597362
39197805
39969354
41061289
39515106
37632305
34968660
39687683
38375048
38628641
41273446
40541752
41225027
37808199
37035186
40998134
29808808
37562092
41724290
21933701
33629558
38941409
18343064
36844911
41485625
30841419
40127829
30687098
39957155
36536902
33825416
40179998
36039087
41802506
39981187
35111057
24015243
36545317
20673169
37924576
36279723
37751044
35190952
34496266
38633609
35924041
24914308
24486208
40969945
31781287
37664720
40912487
35906133
34391441
29728023
36339629
29864926
38451006
37440274
39474580
37263314
38551057
29863014
21791239
39295891
25210314
32923002
42266144
31022598
15642599
34385814
40686183
22019334
36099982
41126957
41894346
40028110
39603396
39512328
26889228
34467737
25422553
21368416
24137289
32185198
29843044
33167098
41038327
25427198
32348951
41727502
23947143
29217494
27413389
41047379
27671811
30000896
37295570
40713743
28685911
37277081
37829299
38675471
40449450
22414105
41547067
36408279
35462897
40427467
40708436
37844745
32178272
41780614
35881212
37611463
40682677
38074876
38631487
40289452
31911246
39637473
35623504
41794258
39094756
31328996
40816588
38141791
38972528
22196583
36046834
35088681
40453654
36278199
37764277
34334273
38572433
40716620
35847012
41763617
40348996
38217462
35589704
39701046
36574791
34900345
40077679
39971013
41139445
34049474
37778518
38079061
35924058
35143936
41033421
40657643
32810624
38657467
22450800
24974002
41115486
33069838
37315645
38115283
37745719
25719303
37258428
41218379
38479544
41237868
35098831
37925093
41213440
40907728
40290440
36676679
36873540
35854107
38048912
36302033
27112704
38070249
38113631
38687826
37948105
20641586
20641366
20641500
14566196
40099372
31335079
20641336
34445721
20641685
39892847
39574138
34299040
39057075
41075496
40789439
38003611
40342516
27692695
30661441
36353622
40934003
39181226
12143401
40789515
41000397
37631295
17882234
25823514
33092669
38851983
37782408
39109146
41516311
30618863
40451488
16789923
38126116
30807752
38244808
40403895
40906192
35333951
40580056
37422634
25739526
36555276
31711155
34238051
37834999
30809118
23602950
35352640
40653476
30737641
35183538
39767650
28406285
39110517
36731751
30457395
38850305
28764913
32754030
27018372
34248009
9755354
25444754
15131491
23514378
40506009
34979889
31833826
37944872
37099811
41793582
39426465
41650520
18983874
37767889
38504103
30155245
25075188
40687824
37612866
41914255
36273507
24972302
41242308
38201206
30552318
32150310
35668399
33804088
26037806
38992850
37258450
38198925
31825083
37252156
27392632
35955633
31765741
39928205
40305200
33535879
39321881
40211702
37852343
40243556
37801903
35565888
37321346
35143877
35456041
40004109
38474387
39981404
40554291
39310640
38613087
39357281
29988087
40326980
40848509
41106100
40362260
34099111
36335763
37331994
40130013
40250814
39408591
39792918
38457106
38403256
31587531
40769644
36528127
31784958
30714555
41373743
35322375
28723608
36159806
39650796
40881230
31785168
35193033
33203568
29307018
31228000
38628262
32506238
5478953
33269106
36567285
34100334
35008730
30042700
35219870
37189442
41080562
27553784
33519203
28901278
36172468
39984011
34029552
41786065
36949310
38281208
21254923
27221623
38338981
40389582
39071627
29656032
39158758
41226780
40582635
36408608
37108052
39222740
29705843
41072835
35794794
41005571
36203007
32002932
29083766
39013542
31784957
35308733
38892934
28778237
30472971
25815564
11551271
40139021
37234360
37820574
30724127
31136774
21448104
39220450
34531719
32353209
32436408
19683096
23384232
33593109
41559779
38045133
38248265
35163538
26621339
21392935
41905247
34690597
40426646
27279162
41055949
41034549
27608541
37965066
33150726
14613050
24974667
30032467
34503595
19192425
28179814
38984189
35760189
33896623
35550451
38418097
33497756
39839149
32061788
35921511
37245549
18448771
36368425
37076454
40769438
38639954
32587537
40835184
2020797
38886733
9742509
28066005
29909810
36780803
28889804
35779670
33905989
36604883
34416848
15953804
24863419
42036583
39825342
33120798
40134975
38764100
31456039
26862938
11754134
31336451
19694629
25821499
33881600
26688752
40860837
19465876
37253320
35875101
16449415
1897374
25913538
17764214
37849304
39963955
30000906
39064728
34323236
39367470
27019255
40945253
32367245
20088620
40727849
31259837
29907576
41376232
36867647
31846068
39247617
38791766
37015141
20795848
35960108
27774110
35287695
41074408
31016194
41494014
33029191
35910879
37068818
20385346
30194695
37710313
41121158
37266323
22978082
37032920
35185655
34362325
40753796
40901022
33489623
39258921
37501979
35926637
41427009
36442519
40314057
40862597
29454341
40469980
40778325
39323936
40288455
40944266
32295106
38763963
15010661
29540339
38449668
38915473
40195969
33407226
27405771
16627773
23816449
40384998
23700366
38166663
39319351
32765632
36451452
21063891
21053788
34369698
38726147
28035869
36951085
24394682
31369988
35089211
38244787
32299376
36324116
25906701
41409594
38026979
38101872
32555188
36316904
35244051
34490139
37766542
12534310
36126781
39241390
38296172
34627986
38490155
39385284
39740378
37924689
38815404
40547671
39467428
38086513
40550295
40425078
39770479
39904199
36045534
40481474
34976096
40419156
40803031
39465719
35800440
39486672
38704913
41307677
41318453
35717786
41045619
36440424
36431060
40617360
34447243
41164411
40621015
40933052
37657207
40221743
35003290
39041272
30449200
35230627
40231536
38582152
41101552
38759035
36560929
38297317
41448368
34880597
41189264
39263345
36070047
41015074
40915371
38007768
38174416
39638796
37847347
41377151
39684318
23736100
38004472
40157401
34471414
40816580
38218856
41391369
40064322
39756311
41763619
40231535
40910010
40740639
39884598
32256358
35600859
